2018,1,155,0
2018,2,155,1
2018,3,155,0
2018,4,155,1
2018,5,155,8
2018,6,155,9
2018,7,155,1
2018,8,155,0
2018,9,155,1
2018,10,155,50
2018,11,155,50
2018,12,155,0
2018,13,155,0
2018,14,155,0
2018,15,155,300
2018,16,155,0
2018,17,155,1
2018,18,155,1
2018,19,155,1
2018,20,155,1
2018,21,155,1
2018,22,155,1
2018,23,155,0
2018,24,155,1
2018,25,155,1
2018,26,155,1

2018,1,162,1
2018,2,162,1
2018,3,162,0
2018,4,162,1
2018,5,162,6
2018,6,162,7
2018,7,162,0
2018,8,162,1
2018,9,162,2
2018,10,162,60
2018,11,162,60
2018,12,162,0
2018,13,162,0
2018,14,162,0
2018,15,162,200
2018,16,162,0
2018,17,162,0
2018,18,162,0
2018,19,162,0
2018,20,162,0
2018,21,162,0
2018,22,162,0
2018,23,162,2
2018,24,162,0
2018,25,162,0
2018,26,162,2

2018,1,165,1
2018,2,165,1
2018,3,165,1
2018,4,165,0
2018,5,165,5
2018,6,165,6
2018,7,165,1
2018,8,165,0
2018,9,165,3
2018,10,165,70
2018,11,165,70
2018,12,165,1
2018,13,165,1
2018,14,165,1
2018,15,165,100
2018,16,165,0
2018,17,165,1
2018,18,165,1
2018,19,165,1
2018,20,165,1
2018,21,165,1
2018,22,165,1
2018,23,165,0
2018,24,165,0
2018,25,165,1
2018,26,165,3

2018,1,166,1
2018,2,166,1
2018,3,166,0
2018,4,166,1
2018,5,166,20
2018,6,166,21
2018,7,166,0
2018,8,166,1
2018,9,166,4
2018,10,166,10
2018,11,166,10
2018,12,166,0
2018,13,166,1
2018,14,166,1
2018,15,166,400
2018,16,166,0
2018,17,166,0
2018,18,166,0
2018,19,166,0
2018,20,166,0
2018,21,166,0
2018,22,166,0
2018,23,166,1
2018,24,166,2
2018,25,166,0
2018,26,166,4

2018,1,168,1
2018,2,168,1
2018,3,168,0
2018,4,168,0
2018,5,168,15
2018,6,168,16
2018,7,168,1
2018,8,168,0
2018,9,168,5
2018,10,168,20
2018,11,168,20
2018,12,168,0
2018,13,168,0
2018,14,168,0
2018,15,168,500
2018,16,168,0
2018,17,168,0
2018,18,168,0
2018,19,168,0
2018,20,168,1
2018,21,168,2
2018,22,168,3
2018,23,168,1
2018,24,168,1
2018,25,168,1
2018,26,168,5

2018,1,169,1
2018,2,169,0
2018,3,169,1
2018,4,169,1
2018,5,169,10
2018,6,169,11
2018,7,169,0
2018,8,169,1
2018,9,169,6
2018,10,169,50
2018,11,169,50
2018,12,169,0
2018,13,169,0
2018,14,169,0
2018,15,169,200
2018,16,169,0
2018,17,169,1
2018,18,169,1
2018,19,169,1
2018,20,169,1
2018,21,169,1
2018,22,169,1
2018,23,169,1
2018,24,169,0
2018,25,169,0
2018,26,169,6

2018,1,170,1
2018,2,170,1
2018,3,170,0
2018,4,170,0
2018,5,170,20
2018,6,170,21
2018,7,170,1
2018,8,170,0
2018,9,170,5
2018,10,170,40
2018,11,170,40
2018,12,170,0
2018,13,170,0
2018,14,170,0
2018,15,170,300
2018,16,170,0
2018,17,170,0
2018,18,170,0
2018,19,170,0
2018,20,170,1
2018,21,170,2
2018,22,170,3
2018,23,170,0
2018,24,170,0
2018,25,170,1
2018,26,170,7

2018,1,173,1
2018,2,173,1
2018,3,173,0
2018,4,173,0
2018,5,173,80
2018,6,173,81
2018,7,173,0
2018,8,173,1
2018,9,173,4
2018,10,173,80
2018,11,173,80
2018,12,173,0
2018,13,173,0
2018,14,173,0
2018,15,173,100
2018,16,173,0
2018,17,173,0
2018,18,173,0
2018,19,173,0
2018,20,173,1
2018,21,173,2
2018,22,173,3
2018,23,173,1
2018,24,173,2
2018,25,173,0
2018,26,173,8

2018,1,174,1
2018,2,174,1
2018,3,174,0
2018,4,174,1
2018,5,174,50
2018,6,174,51
2018,7,174,0
2018,8,174,1
2018,9,174,3
2018,10,174,30
2018,11,174,30
2018,12,174,0
2018,13,174,0
2018,14,174,0
2018,15,174,100
2018,16,174,0
2018,17,174,1
2018,18,174,1
2018,19,174,1
2018,20,174,0
2018,21,174,-1
2018,22,174,-2
2018,23,174,2
2018,24,174,1
2018,25,174,1
2018,26,174,9

2018,1,217,1
2018,2,217,1
2018,3,217,0
2018,4,217,1
2018,5,217,40
2018,6,217,41
2018,7,217,1
2018,8,217,0
2018,9,217,2
2018,10,217,70
2018,11,217,70
2018,12,217,0
2018,13,217,0
2018,14,217,0
2018,15,217,400
2018,16,217,0
2018,17,217,1
2018,18,217,1
2018,19,217,1
2018,20,217,1
2018,21,217,1
2018,22,217,1
2018,23,217,0
2018,24,217,0
2018,25,217,0
2018,26,217,10

2018,1,245,1
2018,2,245,1
2018,3,245,0
2018,4,245,1
2018,5,245,20
2018,6,245,21
2018,7,245,1
2018,8,245,0
2018,9,245,1
2018,10,245,50
2018,11,245,50
2018,12,245,0
2018,13,245,1
2018,14,245,1
2018,15,245,500
2018,16,245,
2018,17,245,0
2018,18,245,0
2018,19,245,0
2018,20,245,1
2018,21,245,2
2018,22,245,3
2018,23,245,1
2018,24,245,2
2018,25,245,1
2018,26,245,11

2018,1,251,1
2018,2,251,1
2018,3,251,1
2018,4,251,0
2018,5,251,10
2018,6,251,11
2018,7,251,1
2018,8,251,1
2018,9,251,2
2018,10,251,70
2018,11,251,70
2018,12,251,1
2018,13,251,0
2018,14,251,0
2018,15,251,300
2018,16,251,0
2018,17,251,0
2018,18,251,0
2018,19,251,0
2018,20,251,1
2018,21,251,2
2018,22,251,3
2018,23,251,0
2018,24,251,1
2018,25,251,0
2018,26,251,12

2018,1,253,1
2018,2,253,1
2018,3,253,0
2018,4,253,1
2018,5,253,30
2018,6,253,31
2018,7,253,0
2018,8,253,1
2018,9,253,3
2018,10,253,90
2018,11,253,90
2018,12,253,0
2018,13,253,0
2018,14,253,0
2018,15,253,200
2018,16,253,0
2018,17,253,0
2018,18,253,0
2018,19,253,0
2018,20,253,1
2018,21,253,2
2018,22,253,3
2018,23,253,1
2018,24,253,0
2018,25,253,1
2018,26,253,13

